10A 7 31 00 FA C0 B4 00 00
180 7 22 0A FA C0 B4 00 22
10A 7 36 00 FE 01 00 00 00
180 7 27 0A FE 01 00 00 00
10A 7 A6 00 FE 01 00 00 00
500 7 27 0A FE 01 00 00 00
10A 7 C6 00 FE 01 00 00 00
600 7 27 0A FE 01 00 00 00
10A 7 66 00 FE 01 00 00 00
300 7 27 0A FE 01 00 00 00
180 7 20 0A 10 40 61 00 00
180 7 20 0A FA 01 99 01 A9
180 7 20 0A FA 09 3C 00 01
180 7 20 0A FA C1 59 00 01
180 7 20 0A 01 00 00 00 00
180 7 20 0A FA 13 88 00 00
180 7 20 0A FA 01 F2 00 00
180 7 20 0A FA 01 22 03 00
180 7 20 0A FA 01 23 01 00
180 7 20 0A FA 01 24 17 00
180 7 20 0A FA 01 25 14 00
180 7 20 0A FA 01 26 11 00
180 7 20 0A FA 01 12 03 00
180 7 20 0A 5A 02 00 00 00
180 7 20 0A FA 07 1B 00 03
180 7 D0 28 FA 07 1B 00 03
180 7 20 0A FA 01 D6 01 69
180 7 20 0A FA 08 22 01 69
180 7 20 0A 61 01 00 00 00
180 7 20 0A FA 06 9E 00 01
180 7 20 0A 0C 00 5E 00 00
180 7 20 0A FA 0A 5D 00 02
180 7 20 0A FA 0A 2B 01 DD
180 7 20 0A 0E 01 DD 00 00
180 7 20 0A 0D 01 69 00 00
180 7 20 0A 1C 05 1E 00 00
180 7 20 0A 52 00 00 00 00
180 7 20 0A 5E 00 00 00 00
180 7 20 0A 5D 00 00 00 00
180 7 20 0A 53 00 00 00 00
180 7 20 0A FA 01 76 00 00
180 7 20 0A FA 02 F4 00 00
180 7 20 0A FA C1 5A 00 01
180 7 20 0A FA C1 5B 00 01
180 7 20 0A FA C1 5C 00 00
180 7 20 0A FA C1 5D FF FF
180 7 20 0A FA C1 5E 00 02
500 7 20 0A 10 50 00 00 00
500 7 20 0A FA 09 3C 00 01
500 7 20 0A 01 00 00 00 00
500 7 20 0A FA 13 88 00 00
500 7 20 0A FA 01 F2 00 00
500 7 20 0A 61 01 00 00 00
600 7 20 0A 52 01 00 00 00
600 7 20 0A 56 00 00 00 00
600 7 20 0A 57 00 00 00 00
300 7 20 0A 58 02 00 00 00
300 7 20 0A 04 01 A4 00 00
300 7 20 0A FA FD C1 FF 00
300 7 20 0A 6D 00 00 00 00
300 7 20 0A FA 13 58 00 00
300 7 20 0A FA 01 EC 00 00
300 7 20 0A FA 06 D9 00 00
300 7 20 0A 6F 00 00 00 00
300 7 20 0A FA 13 56 00 00
300 7 20 0A FA 01 1A 00 00
300 7 20 0A 11 FE 70 00 00
180 7 20 0A 0C 00 5D 00 00
10A 7 31 00 0D 00 00 00 00
180 7 22 0A 0D 01 6A 00 00
10A 7 31 00 02 00 00 00 00
180 7 22 0A 02 01 A4 00 00
10A 7 61 00 FA 0A 0C 00 00
300 7 22 0A FA 0A 0C 00 66
10A 7 31 00 0E 00 00 00 00
180 7 22 0A 0E 01 DD 00 00
10A 7 31 00 03 00 00 00 00
180 7 22 0A 03 01 E0 00 00
10A 7 31 00 16 00 00 00 00
180 7 22 0A 16 01 59 00 00
10A 7 C1 00 0F 00 00 00 00
600 7 22 0A 0F 01 6A 00 00
10A 7 61 00 04 00 00 00 00
300 7 22 0A 04 01 A4 00 00
10A 7 31 00 FA C0 FC 00 00
180 7 22 0A FA C0 FC 01 69
10A 7 31 00 FA C0 FE 00 00
180 7 22 0A FA C0 FE 01 6A
10A 7 31 00 FA C1 05 00 00
180 7 22 0A FA C1 05 FE 70
10A 7 31 00 FA C1 03 00 00
180 7 22 0A FA C1 03 01 18
10A 7 31 00 FA 01 DA 00 00
180 7 22 0A FA 01 DA 07 68
10A 7 31 00 1C 00 00 00 00
180 7 22 0A 1C 05 20 00 00
10A 7 31 00 0D 00 00 00 00
180 7 22 0A 0D 01 6A 00 00
10A 7 31 00 02 00 00 00 00
180 7 22 0A 02 01 A4 00 00
10A 7 61 00 FA 0A 0C 00 00
300 7 22 0A FA 0A 0C 00 66
10A 7 31 00 0E 00 00 00 00
180 7 22 0A 0E 01 DD 00 00
10A 7 31 00 03 00 00 00 00
180 7 22 0A 03 01 E0 00 00
10A 7 31 00 16 00 00 00 00
180 7 22 0A 16 01 59 00 00
10A 7 C1 00 0F 00 00 00 00
600 7 22 0A 0F 01 6A 00 00
10A 7 61 00 04 00 00 00 00
300 7 22 0A 04 01 A4 00 00
10A 7 31 00 FA C0 FC 00 00
180 7 22 0A FA C0 FC 01 69
10A 7 31 00 FA C0 FE 00 00
180 7 22 0A FA C0 FE 01 6A
10A 7 31 00 FA C1 05 00 00
180 7 22 0A FA C1 05 FE 70
10A 7 31 00 FA C1 03 00 00
180 7 22 0A FA C1 03 01 27
10A 7 31 00 FA 01 DA 00 00
180 7 22 0A FA 01 DA 07 6E
10A 7 31 00 1C 00 00 00 00
180 7 22 0A 1C 05 1E 00 00
10A 7 31 00 0D 00 00 00 00
180 7 22 0A 0D 01 6A 00 00
10A 7 31 00 02 00 00 00 00
180 7 22 0A 02 01 A4 00 00
10A 7 61 00 FA 0A 0C 00 00
300 7 22 0A FA 0A 0C 00 66
10A 7 31 00 0E 00 00 00 00
180 7 22 0A 0E 01 DD 00 00
10A 7 31 00 03 00 00 00 00
180 7 22 0A 03 01 E0 00 00
10A 7 31 00 16 00 00 00 00
180 7 22 0A 16 01 59 00 00
10A 7 C1 00 0F 00 00 00 00
600 7 22 0A 0F 01 6A 00 00
10A 7 61 00 04 00 00 00 00
300 7 22 0A 04 01 A4 00 00
10A 7 31 00 FA C0 FC 00 00
180 7 22 0A FA C0 FC 01 6A
10A 7 31 00 FA C0 FE 00 00
180 7 22 0A FA C0 FE 01 6A
10A 7 31 00 FA C1 05 00 00
180 7 22 0A FA C1 05 FE 70
10A 7 31 00 FA C1 03 00 00
180 7 22 0A FA C1 03 01 31
10A 7 31 00 FA 01 DA 00 00
180 7 22 0A FA 01 DA 07 6E
10A 7 31 00 1C 00 00 00 00
180 7 22 0A 1C 05 1E 00 00
10A 7 31 00 0D 00 00 00 00
180 7 22 0A 0D 01 6C 00 00
10A 7 31 00 02 00 00 00 00
180 7 22 0A 02 01 A4 00 00
10A 7 61 00 FA 0A 0C 00 00
300 7 22 0A FA 0A 0C 00 66
10A 7 31 00 0E 00 00 00 00
180 7 22 0A 0E 01 DD 00 00
10A 7 31 00 03 00 00 00 00
180 7 22 0A 03 01 E0 00 00
10A 7 31 00 16 00 00 00 00
180 7 22 0A 16 01 59 00 00
10A 7 C1 00 0F 00 00 00 00
600 7 22 0A 0F 01 6C 00 00
10A 7 61 00 04 00 00 00 00
300 7 22 0A 04 01 A4 00 00
10A 7 31 00 FA C0 FC 00 00
180 7 22 0A FA C0 FC 01 6B
10A 7 31 00 FA C0 FE 00 00
180 7 22 0A FA C0 FE 01 6C
10A 7 31 00 FA C1 05 00 00
180 7 22 0A FA C1 05 FE 70
10A 7 31 00 FA C1 03 00 00
180 7 22 0A FA C1 03 01 3B
10A 7 31 00 FA 01 DA 00 00
180 7 22 0A FA 01 DA 07 62
10A 7 31 00 1C 00 00 00 00
180 7 22 0A 1C 05 22 00 00
180 7 20 0A 1C 05 33 00 00
10A 7 31 00 0D 00 00 00 00
10A 7 31 00 02 00 00 00 00
10A 7 61 00 FA 0A 0C 00 00
10A 7 31 00 0E 00 00 00 00
10A 7 31 00 03 00 00 00 00
10A 7 31 00 16 00 00 00 00
10A 7 C1 00 0F 00 00 00 00
10A 7 61 00 04 00 00 00 00
10A 7 31 00 FA C0 FC 00 00
10A 7 31 00 FA C0 FE 00 00
10A 7 31 00 FA C1 05 00 00
10A 7 31 00 FA C1 03 00 00
10A 7 31 00 FA 01 DA 00 00
10A 7 31 00 1C 00 00 00 00
300 7 86 00 FE 01 00 00 00
600 7 26 0A FE 01 00 00 00
300 7 26 0A FE 01 00 00 00
180 7 66 79 FE 01 00 00 00
10A 7 C7 00 FE 01 00 00 00
180 7 26 0A FE 01 00 00 00
500 7 26 0A FE 01 00 00 00
10A 7 67 00 FE 01 00 00 00
180 7 22 0A 0D 01 6C 00 00
180 7 22 0A 02 01 A4 00 00
10A 7 31 00 FA 01 48 00 00
300 7 22 0A FA 0A 0C 00 66
180 7 22 0A 0E 01 DD 00 00
10A 7 31 00 10 00 00 00 00
180 7 22 0A 03 01 E0 00 00
180 7 22 0A 16 01 59 00 00
10A 7 31 00 FA 09 3C 00 00
600 7 22 0A 0F 01 6C 00 00
300 7 22 0A 04 01 A4 00 00
10A 7 31 00 10 00 00 00 00
180 7 22 0A FA C0 FC 01 6C
10A 7 37 00 FE 01 00 00 00
180 7 22 0A FA C0 FE 01 6C
180 7 22 0A FA C1 05 FE 70
10A 7 31 00 FA 01 48 00 00
180 7 22 0A FA C1 03 01 40
180 7 22 0A FA 01 DA 04 5C
10A 7 31 00 10 00 00 00 00
180 7 22 0A 1C 05 3B 00 00
180 7 22 0A FA 01 48 FF BF
10A 7 31 00 FA 09 3C 00 00
180 7 22 0A 10 40 61 00 00
180 7 22 0A FA 09 3C 00 01
10A 7 31 00 10 00 00 00 00
180 7 22 0A 10 40 61 00 00
180 7 22 0A FA 01 48 FF BF
10A 7 A7 00 FE 01 00 00 00
180 7 22 0A 10 40 61 00 00
180 7 22 0A FA 09 3C 00 01
10A 7 31 00 FA 01 48 00 00
180 7 22 0A 10 40 61 00 00
180 7 22 0A FA 01 48 FF BF
10A 7 31 00 10 00 00 00 00
180 7 22 0A 10 40 61 00 00
10A 7 31 00 FA 09 3C 00 00
180 7 22 0A FA 09 3C 00 01
10A 7 31 00 10 00 00 00 00
180 7 22 0A 10 40 61 00 00
180 7 20 0A 10 40 61 00 00
180 7 20 0A FA 01 99 01 A9
180 7 20 0A FA 09 3C 00 01
180 7 20 0A FA C1 59 00 01
180 7 20 0A 01 00 00 00 00
180 7 20 0A FA 13 88 00 00
180 7 20 0A FA 01 F2 00 00
180 7 20 0A FA 01 22 03 00
180 7 20 0A FA 01 23 01 00
180 7 20 0A FA 01 24 17 00
180 7 20 0A FA 01 25 14 00
180 7 20 0A FA 01 26 12 00
180 7 20 0A FA 01 12 03 00
180 7 20 0A 5A 02 00 00 00
180 7 20 0A FA 07 1B 00 03
180 7 D0 28 FA 07 1B 00 03
180 7 20 0A FA 01 D6 01 6D
180 7 20 0A FA 08 22 01 6D
180 7 20 0A 61 01 00 00 00
180 7 20 0A FA 06 9E 00 01
180 7 20 0A 0C 00 5C 00 00
180 7 20 0A FA 0A 5D 00 02
180 7 20 0A FA 0A 2B 01 DD
180 7 20 0A 0E 01 DD 00 00
180 7 20 0A 0D 01 6D 00 00
180 7 20 0A 1C 05 3F 00 00
180 7 20 0A 52 00 00 00 00
180 7 20 0A 5E 00 00 00 00
180 7 20 0A 5D 00 00 00 00
180 7 20 0A 53 00 00 00 00
180 7 20 0A FA 01 76 00 00
180 7 20 0A FA 02 F4 00 00
180 7 20 0A FA C1 5A 00 01
180 7 20 0A FA C1 5B 00 01
180 7 20 0A FA C1 5C 00 00
180 7 20 0A FA C1 5D FF FF
180 7 20 0A FA C1 5E 00 02
500 7 20 0A 10 50 00 00 00
500 7 20 0A FA 09 3C 00 01
500 7 20 0A 01 00 00 00 00
500 7 20 0A FA 13 88 00 00
500 7 20 0A FA 01 F2 00 00
500 7 20 0A 61 01 00 00 00
600 7 20 0A 52 01 00 00 00
600 7 20 0A 56 00 00 00 00
600 7 20 0A 57 00 00 00 00
300 7 20 0A 58 02 00 00 00
300 7 20 0A 04 01 A4 00 00
300 7 20 0A FA FD C1 FF 00
300 7 20 0A 6D 00 00 00 00
300 7 20 0A FA 13 58 00 00
300 7 20 0A FA 01 EC 00 00
300 7 20 0A FA 06 D9 00 00
300 7 20 0A 6F 00 00 00 00
300 7 20 0A FA 13 56 00 00
300 7 20 0A FA 01 1A 00 00
300 7 20 0A 11 FE 70 00 00
10A 7 31 00 0D 00 00 00 00
180 7 22 0A 0D 01 6E 00 00
10A 7 31 00 02 00 00 00 00
180 7 22 0A 02 01 A4 00 00
10A 7 61 00 FA 0A 0C 00 00
300 7 22 0A FA 0A 0C 00 66
10A 7 31 00 0E 00 00 00 00
180 7 22 0A 0E 01 DD 00 00
10A 7 31 00 03 00 00 00 00
180 7 22 0A 03 01 E0 00 00
10A 7 31 00 16 00 00 00 00
180 7 22 0A 16 01 59 00 00
10A 7 C1 00 0F 00 00 00 00
600 7 22 0A 0F 01 6E 00 00
10A 7 61 00 04 00 00 00 00
300 7 22 0A 04 01 A4 00 00
10A 7 31 00 FA C0 FC 00 00
180 7 22 0A FA C0 FC 01 6E
10A 7 31 00 FA C0 FE 00 00
180 7 22 0A FA C0 FE 01 6E
10A 7 31 00 FA C1 05 00 00
180 7 22 0A FA C1 05 FE 70
10A 7 31 00 FA C1 03 00 00
180 7 22 0A FA C1 03 01 45
10A 7 31 00 FA 01 DA 00 00
180 7 22 0A FA 01 DA 03 1E
10A 7 31 00 1C 00 00 00 00
180 7 22 0A 1C 05 40 00 00
10A 7 31 00 FA C0 B4 00 00
180 7 22 0A FA C0 B4 00 22
10A 7 31 00 FA 01 48 00 00
180 7 22 0A FA 01 48 FF BF
10A 7 31 00 10 00 00 00 00
180 7 22 0A 10 40 61 00 00
10A 7 31 00 FA 09 3C 00 00
180 7 22 0A FA 09 3C 00 01
10A 7 31 00 10 00 00 00 00
180 7 22 0A 10 40 61 00 00
180 7 20 0A 1C 05 42 00 00
10A 7 31 00 0D 00 00 00 00
180 7 22 0A 0D 01 76 00 00
10A 7 31 00 02 00 00 00 00
180 7 22 0A 02 01 A4 00 00
10A 7 61 00 FA 0A 0C 00 00
300 7 22 0A FA 0A 0C 00 66
10A 7 31 00 0E 00 00 00 00
180 7 22 0A 0E 01 DD 00 00
10A 7 31 00 03 00 00 00 00
180 7 22 0A 03 01 E0 00 00
10A 7 31 00 16 00 00 00 00
180 7 22 0A 16 01 54 00 00
10A 7 C1 00 0F 00 00 00 00
600 7 22 0A 0F 01 76 00 00
10A 7 61 00 04 00 00 00 00
300 7 22 0A 04 01 A4 00 00
10A 7 31 00 FA C0 FC 00 00
180 7 22 0A FA C0 FC 01 77
10A 7 31 00 FA C0 FE 00 00
180 7 22 0A FA C0 FE 01 76
10A 7 31 00 FA C1 05 00 00
180 7 22 0A FA C1 05 FE 70
10A 7 31 00 FA C1 03 00 00
180 7 22 0A FA C1 03 01 4F
10A 7 31 00 FA 01 DA 00 00
180 7 22 0A FA 01 DA 03 18
10A 7 31 00 1C 00 00 00 00
180 7 22 0A 1C 05 3F 00 00
180 7 20 0A 0D 01 7B 00 00
180 7 20 0A FA 08 22 01 7B
10A 7 31 00 0D 00 00 00 00
180 7 22 0A 0D 01 7F 00 00
10A 7 31 00 02 00 00 00 00
180 7 22 0A 02 01 A4 00 00
10A 7 61 00 FA 0A 0C 00 00
300 7 22 0A FA 0A 0C 00 66
10A 7 31 00 0E 00 00 00 00
180 7 22 0A 0E 01 DD 00 00
10A 7 31 00 03 00 00 00 00
180 7 22 0A 03 01 E0 00 00
10A 7 31 00 16 00 00 00 00
180 7 22 0A 16 01 54 00 00
10A 7 C1 00 0F 00 00 00 00
600 7 22 0A 0F 01 7F 00 00
10A 7 61 00 04 00 00 00 00
300 7 22 0A 04 01 A4 00 00
10A 7 31 00 FA C0 FC 00 00
180 7 22 0A FA C0 FC 01 7F
10A 7 31 00 FA C0 FE 00 00
180 7 22 0A FA C0 FE 01 7E
10A 7 31 00 FA C1 05 00 00
180 7 22 0A FA C1 05 FE 70
10A 7 31 00 FA C1 03 00 00
180 7 22 0A FA C1 03 01 54
10A 7 31 00 FA 01 DA 00 00
180 7 22 0A FA 01 DA 03 24
10A 7 31 00 1C 00 00 00 00
180 7 22 0A 1C 05 40 00 00
180 7 20 0A FA 01 D6 01 81
10A 7 31 00 0D 00 00 00 00
180 7 22 0A 0D 01 84 00 00
10A 7 31 00 02 00 00 00 00
180 7 22 0A 02 01 A4 00 00
10A 7 61 00 FA 0A 0C 00 00
300 7 22 0A FA 0A 0C 00 66
10A 7 31 00 0E 00 00 00 00
180 7 22 0A 0E 01 DD 00 00
10A 7 31 00 03 00 00 00 00
180 7 22 0A 03 01 E0 00 00
10A 7 31 00 16 00 00 00 00
180 7 22 0A 16 01 54 00 00
10A 7 C1 00 0F 00 00 00 00
600 7 22 0A 0F 01 84 00 00
10A 7 61 00 04 00 00 00 00
300 7 22 0A 04 01 A4 00 00
10A 7 31 00 FA C0 FC 00 00
180 7 22 0A FA C0 FC 01 86
10A 7 31 00 FA C0 FE 00 00
180 7 22 0A FA C0 FE 01 84
10A 7 31 00 FA C1 05 00 00
180 7 22 0A FA C1 05 FE 70
10A 7 31 00 FA C1 03 00 00
180 7 22 0A FA C1 03 01 5E
10A 7 31 00 FA 01 DA 00 00
180 7 22 0A FA 01 DA 03 18
10A 7 31 00 1C 00 00 00 00
180 7 22 0A 1C 05 3F 00 00
10A 7 31 00 0D 00 00 00 00
180 7 22 0A 0D 01 87 00 00
10A 7 31 00 02 00 00 00 00
180 7 22 0A 02 01 A4 00 00
10A 7 61 00 FA 0A 0C 00 00
300 7 22 0A FA 0A 0C 00 66
10A 7 31 00 0E 00 00 00 00
180 7 22 0A 0E 01 DD 00 00
10A 7 31 00 03 00 00 00 00
180 7 22 0A 03 01 E0 00 00
10A 7 31 00 16 00 00 00 00
180 7 22 0A 16 01 54 00 00
10A 7 C1 00 0F 00 00 00 00
10A 7 61 00 04 00 00 00 00
600 7 22 0A 0F 01 88 00 00
300 7 22 0A 04 01 A4 00 00
10A 7 31 00 FA C0 FC 00 00
180 7 22 0A FA C0 FC 01 89
10A 7 31 00 FA C0 FE 00 00
180 7 22 0A FA C0 FE 01 87
10A 7 31 00 FA C1 05 00 00
180 7 22 0A FA C1 05 FE 70
10A 7 31 00 FA C1 03 00 00
180 7 22 0A FA C1 03 01 5E
10A 7 31 00 FA 01 DA 00 00
180 7 22 0A FA 01 DA 03 12
10A 7 31 00 1C 00 00 00 00
180 7 22 0A 1C 05 40 00 00
180 7 20 0A 0D 01 8A 00 00
180 7 20 0A FA 08 22 01 8A
10A 7 31 00 0D 00 00 00 00
180 7 22 0A 0D 01 8A 00 00
10A 7 31 00 02 00 00 00 00
180 7 22 0A 02 01 A4 00 00
10A 7 61 00 FA 0A 0C 00 00
300 7 22 0A FA 0A 0C 00 66
10A 7 31 00 0E 00 00 00 00
180 7 22 0A 0E 01 DD 00 00
10A 7 31 00 03 00 00 00 00
180 7 22 0A 03 01 E0 00 00
10A 7 31 00 16 00 00 00 00
180 7 22 0A 16 01 54 00 00
10A 7 C1 00 0F 00 00 00 00
600 7 22 0A 0F 01 8A 00 00
10A 7 61 00 04 00 00 00 00
300 7 22 0A 04 01 A4 00 00
10A 7 31 00 FA C0 FC 00 00
180 7 22 0A FA C0 FC 01 8B
10A 7 31 00 FA C0 FE 00 00
180 7 22 0A FA C0 FE 01 8A
10A 7 31 00 FA C1 05 00 00
180 7 22 0A FA C1 05 FE 70
10A 7 31 00 FA C1 03 00 00
180 7 22 0A FA C1 03 01 63
10A 7 31 00 FA 01 DA 00 00
180 7 22 0A FA 01 DA 03 2A
10A 7 31 00 1C 00 00 00 00
180 7 22 0A 1C 05 40 00 00
10A 7 31 00 0D 00 00 00 00
180 7 22 0A 0D 01 8B 00 00
10A 7 31 00 02 00 00 00 00
180 7 22 0A 02 01 A4 00 00
10A 7 61 00 FA 0A 0C 00 00
300 7 22 0A FA 0A 0C 00 66
10A 7 31 00 0E 00 00 00 00
180 7 22 0A 0E 01 DD 00 00
10A 7 31 00 03 00 00 00 00
180 7 22 0A 03 01 E0 00 00
10A 7 31 00 16 00 00 00 00
180 7 22 0A 16 01 54 00 00
10A 7 C1 00 0F 00 00 00 00
600 7 22 0A 0F 01 8B 00 00
10A 7 61 00 04 00 00 00 00
300 7 22 0A 04 01 A4 00 00
10A 7 31 00 FA C0 FC 00 00
180 7 22 0A FA C0 FC 01 8C
10A 7 31 00 FA C0 FE 00 00
180 7 22 0A FA C0 FE 01 8B
10A 7 31 00 FA C1 05 00 00
180 7 22 0A FA C1 05 FE 70
10A 7 31 00 FA C1 03 00 00
180 7 22 0A FA C1 03 01 63
10A 7 31 00 FA 01 DA 00 00
180 7 22 0A FA 01 DA 03 12
10A 7 31 00 1C 00 00 00 00
180 7 22 0A 1C 05 3E 00 00
10A 7 31 00 FA C0 B4 00 00
180 7 22 0A FA C0 B4 00 22
10A 7 31 00 0D 00 00 00 00
180 7 22 0A 0D 01 8B 00 00
10A 7 31 00 02 00 00 00 00
180 7 22 0A 02 01 A4 00 00
10A 7 61 00 FA 0A 0C 00 00
300 7 22 0A FA 0A 0C 00 66
10A 7 31 00 0E 00 00 00 00
180 7 22 0A 0E 01 DD 00 00
10A 7 31 00 03 00 00 00 00
180 7 22 0A 03 01 E0 00 00
10A 7 31 00 16 00 00 00 00
180 7 22 0A 16 01 54 00 00
10A 7 C1 00 0F 00 00 00 00
600 7 22 0A 0F 01 8C 00 00
10A 7 61 00 04 00 00 00 00
300 7 22 0A 04 01 A4 00 00
10A 7 31 00 FA C0 FC 00 00
180 7 22 0A FA C0 FC 01 8C
10A 7 31 00 FA C0 FE 00 00
180 7 22 0A FA C0 FE 01 8B
10A 7 31 00 FA C1 05 00 00
180 7 22 0A FA C1 05 FE 70
10A 7 31 00 FA C1 03 00 00
180 7 22 0A FA C1 03 01 68
10A 7 31 00 FA 01 DA 00 00
180 7 22 0A FA 01 DA 03 18
10A 7 31 00 1C 00 00 00 00
180 7 22 0A 1C 05 40 00 00
